0
185611.7032777249
[[0, 0], [1, 1], [0, 1], [1, 0]]
1
199081.13601451225
[[1, 1], [0, 0], [0, 1], [1, 0]]
2
205308.46703558433
[[0, 1], [1, 1], [1, 0], [0, 0]]
3
205522.62220214927
[[1, 0], [0, 1], [1, 1], [0, 0]]
4
210721.19611097433
[[0, 1], [1, 0], [1, 1], [0, 0]]
5
211592.73354312975
[[1, 0], [1, 1], [0, 1], [0, 0]]
6
212139.52271629707
[[1, 1], [0, 1], [0, 0], [1, 0]]
7
212928.99895425115
[[1, 0], [0, 0], [1, 1], [0, 1]]
8
213294.0965096323
[[1, 1], [0, 1], [1, 0], [0, 0]]
9
213455.64961607702
[[0, 0], [0, 1], [1, 0], [1, 1]]
10
215848.02697611062
[[0, 0], [1, 0], [1, 1], [0, 1]]
11
216705.43830040132
[[1, 0], [0, 1], [0, 0], [1, 1]]
12
217836.46394050936
[[0, 0], [1, 0], [0, 1], [1, 1]]
13
218201.56149589055
[[0, 1], [1, 1], [0, 0], [1, 0]]
14
218980.102019612
[[0, 1], [0, 0], [1, 1], [1, 0]]
15
220990.81902150158
[[0, 0], [0, 1], [1, 1], [1, 0]]
16
222679.08265682333
[[1, 0], [0, 0], [0, 1], [1, 1]]
17
222758.19012238056
[[1, 0], [1, 1], [0, 0], [0, 1]]
18
225399.42212913907
[[1, 1], [1, 0], [0, 0], [0, 1]]
19
228282.64252591552
[[1, 1], [1, 0], [0, 1], [0, 0]]
20
228345.4983968634
[[0, 0], [1, 1], [1, 0], [0, 1]]
21
229698.97197560853
[[0, 1], [1, 0], [0, 0], [1, 1]]
22
234797.50760751092
[[0, 1], [0, 0], [1, 0], [1, 1]]
23
249609.89090003291
[[1, 1], [0, 0], [1, 0], [0, 1]]
