0
76915.86664110504
[[0, 1], [1, 1], [0, 0], [1, 0]]
1
77571.62746777973
[[1, 1], [0, 1], [0, 0], [1, 0]]
2
82821.473465521
[[1, 1], [0, 1], [1, 0], [0, 0]]
3
86450.8063367717
[[0, 1], [1, 1], [1, 0], [0, 0]]
4
87145.35871060682
[[0, 0], [1, 0], [0, 1], [1, 1]]
5
88235.86428998131
[[1, 0], [0, 0], [0, 1], [1, 1]]
6
88675.80519510384
[[0, 0], [0, 1], [1, 1], [1, 0]]
7
90681.52003026858
[[0, 1], [0, 0], [1, 0], [1, 1]]
8
93050.96553502278
[[1, 0], [0, 0], [1, 1], [0, 1]]
9
93063.08989067578
[[0, 1], [0, 0], [1, 1], [1, 0]]
10
93653.89171493775
[[1, 1], [1, 0], [0, 1], [0, 0]]
11
97115.04315897326
[[0, 0], [1, 0], [1, 1], [0, 1]]
12
100689.24809403752
[[0, 1], [1, 0], [0, 0], [1, 1]]
13
104600.45281877306
[[0, 1], [1, 0], [1, 1], [0, 0]]
14
105804.05563115244
[[0, 0], [0, 1], [1, 0], [1, 1]]
15
106394.85745541443
[[1, 0], [1, 1], [0, 0], [0, 1]]
16
107806.24486233806
[[1, 0], [1, 1], [0, 1], [0, 0]]
17
109811.95969750281
[[1, 1], [1, 0], [0, 0], [0, 1]]
18
110231.17749529849
[[1, 1], [0, 0], [1, 0], [0, 1]]
19
114024.54126275533
[[0, 0], [1, 1], [1, 0], [0, 1]]
20
114573.36736750967
[[0, 0], [1, 1], [0, 1], [1, 0]]
21
116470.02450416156
[[1, 1], [0, 0], [0, 1], [1, 0]]
22
124115.29676877061
[[1, 0], [0, 1], [1, 1], [0, 0]]
23
125894.11294814383
[[1, 0], [0, 1], [0, 0], [1, 1]]
