0
209884.5289463252
[[1, 0], [1, 1], [0, 1], [0, 0]]
1
227779.3162409957
[[1, 0], [1, 1], [0, 0], [0, 1]]
2
233880.64109308456
[[0, 0], [0, 1], [1, 0], [1, 1]]
3
233887.7906871574
[[1, 1], [1, 0], [0, 0], [0, 1]]
4
234842.349998824
[[0, 0], [0, 1], [1, 1], [1, 0]]
5
236322.57638716884
[[1, 1], [0, 1], [0, 0], [1, 0]]
6
236697.83112887712
[[1, 1], [0, 0], [1, 0], [0, 1]]
7
240131.3369371582
[[1, 0], [0, 0], [0, 1], [1, 1]]
8
248161.27723043668
[[0, 1], [1, 0], [0, 0], [1, 1]]
9
250179.472781609
[[0, 1], [1, 0], [1, 1], [0, 0]]
10
253598.35673844937
[[1, 0], [0, 1], [1, 1], [0, 0]]
11
255916.7301901408
[[1, 0], [0, 0], [1, 1], [0, 1]]
12
258845.61173965616
[[0, 1], [0, 0], [1, 0], [1, 1]]
13
259196.7310910786
[[1, 1], [0, 0], [0, 1], [1, 0]]
14
261155.76108551305
[[0, 0], [1, 1], [1, 0], [0, 1]]
15
263569.4328278313
[[0, 1], [1, 1], [1, 0], [0, 0]]
16
264098.46364807093
[[0, 0], [1, 0], [0, 1], [1, 1]]
17
265061.80284000887
[[0, 0], [1, 1], [0, 1], [1, 0]]
18
267378.1933778206
[[0, 0], [1, 0], [1, 1], [0, 1]]
19
270173.01939498266
[[1, 0], [0, 1], [0, 0], [1, 1]]
20
273743.41677029536
[[1, 1], [0, 1], [1, 0], [0, 0]]
21
281925.1502282255
[[0, 1], [1, 1], [0, 0], [1, 0]]
22
287583.46845397935
[[1, 1], [1, 0], [0, 1], [0, 0]]
23
293684.79330606817
[[0, 1], [0, 0], [1, 1], [1, 0]]
