0
15.588457268119896
[[1, 0], [1, 1], [0, 1], [0, 0]]
1
646.0549512231912
[[0, 0], [1, 1], [0, 1], [1, 0]]
2
16643.27620992933
[[0, 0], [1, 0], [0, 1], [1, 1]]
3
22388.488738635308
[[0, 1], [1, 1], [0, 0], [1, 0]]
4
38191.72030689373
[[0, 1], [1, 0], [0, 0], [1, 1]]
5
44562.20317713212
[[1, 0], [1, 1], [0, 0], [0, 1]]
6
48601.345660382765
[[1, 0], [0, 1], [1, 1], [0, 0]]
7
49231.81215433784
[[0, 0], [0, 1], [1, 1], [1, 0]]
8
49881.33120717613
[[1, 1], [1, 0], [0, 1], [0, 0]]
9
56724.66394788073
[[0, 1], [1, 1], [1, 0], [0, 0]]
10
60691.060297213466
[[0, 0], [1, 1], [1, 0], [0, 1]]
11
62743.54050418256
[[0, 1], [1, 0], [1, 1], [0, 0]]
12
64501.57207386505
[[1, 0], [0, 0], [1, 1], [0, 1]]
13
66709.9368535153
[[0, 0], [1, 0], [1, 1], [0, 1]]
14
70246.78460257102
[[1, 1], [0, 1], [1, 0], [0, 0]]
15
86147.0110160533
[[1, 1], [0, 0], [1, 0], [0, 1]]
16
92888.15275911141
[[0, 0], [0, 1], [1, 0], [1, 1]]
17
94421.01772380985
[[1, 1], [1, 0], [0, 0], [0, 1]]
18
98207.28078915543
[[0, 1], [0, 0], [1, 1], [1, 0]]
19
105899.3184255688
[[1, 1], [0, 1], [0, 0], [1, 0]]
20
108885.37401781752
[[1, 0], [0, 1], [0, 0], [1, 1]]
21
110937.85422478663
[[1, 1], [0, 0], [0, 1], [1, 0]]
22
115884.59133120337
[[1, 0], [0, 0], [0, 1], [1, 1]]
23
143637.24142087958
[[0, 1], [0, 0], [1, 0], [1, 1]]
