0
9388.185289551226
[[1, 1], [0, 0], [1, 0], [0, 1]]
1
10317.605560724116
[[0, 1], [1, 0], [0, 0], [1, 1]]
2
10387.607913554539
[[1, 0], [1, 1], [0, 1], [0, 0]]
3
10585.07280545454
[[1, 0], [0, 0], [1, 1], [0, 1]]
4
10600.66679229447
[[0, 0], [1, 1], [1, 0], [0, 1]]
5
10659.600761145306
[[0, 0], [1, 0], [0, 1], [1, 1]]
6
10659.962707594093
[[0, 1], [1, 0], [1, 1], [0, 0]]
7
10677.660619669581
[[1, 1], [1, 0], [0, 1], [0, 0]]
8
10685.065373806701
[[1, 0], [0, 0], [0, 1], [1, 1]]
9
10725.570597546786
[[0, 0], [1, 0], [1, 1], [0, 1]]
10
10735.573798561869
[[0, 1], [0, 0], [1, 1], [1, 0]]
11
10772.189530947193
[[0, 0], [0, 1], [1, 1], [1, 0]]
12
10827.613705896583
[[1, 0], [1, 1], [0, 0], [0, 1]]
13
10885.52688478887
[[0, 0], [0, 1], [1, 0], [1, 1]]
14
10888.397512007476
[[1, 1], [0, 1], [0, 0], [1, 0]]
15
10926.539189518699
[[1, 0], [0, 1], [0, 0], [1, 1]]
16
10928.902735747557
[[0, 1], [1, 1], [1, 0], [0, 0]]
17
10957.874518526878
[[1, 1], [1, 0], [0, 0], [0, 1]]
18
10985.835104818321
[[1, 1], [0, 0], [0, 1], [1, 0]]
19
11156.590864027497
[[1, 1], [0, 1], [1, 0], [0, 0]]
20
11231.118819718262
[[0, 1], [1, 1], [0, 0], [1, 0]]
21
11342.456135919536
[[0, 1], [0, 0], [1, 0], [1, 1]]
22
11637.996397022838
[[1, 0], [0, 1], [1, 1], [0, 0]]
23
12567.416668195729
[[0, 0], [1, 1], [0, 1], [1, 0]]
